0.000000
7.058585
35.418638
71.327256
102.247356
125.329677
141.564490
152.690020
160.237571
165.350810
168.829861
171.217857
172.876640
174.042639
174.871786
175.468591
175.903758
176.225439
176.466623
176.650059
176.791550
176.902170
176.989755
177.059909
177.116689
177.163068
177.201255
177.232915
177.259316
177.281440
177.300056
177.315774
177.329082
177.340373
177.349971
177.358141
177.365103
177.371039
177.376102
177.380423
177.384110
177.387256
177.389940
177.392228
177.394178
177.395839
177.397254
177.398457
177.399480
177.400350
177.401089
177.401716
177.402248
177.402699
177.403081
177.403405
177.403680
177.403912
177.404109
177.404276
177.404417
177.404536
177.404637
177.404723
177.404795
177.404856
177.404908
177.404952
177.404989
177.405020
177.405047
177.405069
177.405088
177.405104
177.405118
177.405129
177.405139
177.405147
177.405154
177.405160
177.405165
177.405169
177.405173
177.405176
177.405179
177.405181
177.405183
177.405184
177.405185
177.405186
177.405187
177.405188
177.405189
177.405189
177.405190
177.405190
177.405191
177.405191
177.405191
177.405191
0.000000
7.083201
37.933257
81.224945
120.061167
149.354507
169.898326
183.823751
193.107493
199.248167
203.297314
205.966794
207.729919
208.898459
209.676797
210.198625
210.551343
210.792122
210.958412
211.074805
211.157503
211.217221
211.261089
211.293877
211.318805
211.338069
211.353179
211.365190
211.374851
211.382697
211.389124
211.394422
211.398814
211.402471
211.405526
211.408085
211.410232
211.412036
211.413555
211.414834
211.415912
211.416821
211.417587
211.418234
211.418780
211.419241
211.419630
211.419959
211.420236
211.420471
211.420669
211.420836
211.420977
211.421097
211.421198
211.421283
211.421355
211.421416
211.421468
211.421511
211.421548
211.421579
211.421605
211.421628
211.421647
211.421662
211.421676
211.421687
211.421697
211.421705
211.421712
211.421718
211.421723
211.421727
211.421730
211.421733
211.421736
211.421738
211.421740
211.421741
211.421743
211.421744
211.421745
211.421745
211.421746
211.421747
211.421747
211.421747
211.421748
211.421748
211.421748
211.421749
211.421749
211.421749
211.421749
211.421749
211.421749
211.421749
211.421749
211.421749
nan
nan
nan
nan
nan
nan
nan
nan
nan
nan
nan
nan
nan
nan
nan
nan
nan
nan
nan
nan
nan
nan
nan
nan
nan
nan
nan
nan
nan
nan
nan
nan
nan
nan
nan
nan
nan
nan
nan
nan
nan
nan
nan
nan
nan
nan
nan
nan
nan
nan
nan
nan
nan
nan
nan
nan
nan
nan
nan
nan
nan
nan
nan
nan
nan
nan
nan
nan
nan
nan
nan
nan
nan
nan
nan
nan
nan
nan
nan
nan
nan
nan
nan
nan
nan
nan
nan
nan
nan
nan
nan
nan
nan
nan
nan
nan
nan
nan
nan
nan
0.000000
7.085629
38.975345
89.291167
140.786578
183.110526
214.356673
236.169157
250.936291
260.767681
267.255894
271.520514
274.320617
276.160983
277.373762
278.176269
278.710279
279.068183
279.310194
279.475593
279.590055
279.670405
279.727709
279.769277
279.799969
279.823035
279.840670
279.854373
279.865176
279.873804
279.880771
279.886449
279.891112
279.894965
279.898164
279.900831
279.903060
279.904928
279.906497
279.907815
279.908924
279.909859
279.910646
279.911310
279.911870
279.912342
279.912741
279.913077
279.913361
279.913601
279.913804
279.913975
279.914120
279.914242
279.914345
279.914432
279.914506
279.914568
279.914621
279.914666
279.914703
279.914735
279.914762
279.914785
279.914804
279.914820
279.914834
279.914846
279.914856
279.914864
279.914871
279.914877
279.914882
279.914886
279.914890
279.914893
279.914896
279.914898
279.914900
279.914901
279.914902
279.914904
279.914904
279.914905
279.914906
279.914906
279.914907
279.914907
279.914908
279.914908
279.914908
279.914908
279.914909
279.914909
279.914909
279.914909
279.914909
279.914909
279.914909
279.914909
0.000000
7.085845
39.078010
90.482840
145.797531
193.670784
230.286595
256.445422
274.403144
286.449465
294.427254
299.675746
303.119066
305.377490
306.861095
307.838742
308.485926
308.916953
309.206229
309.402205
309.536475
309.629680
309.695346
309.742372
309.776639
309.802060
309.821255
309.835999
309.847504
309.856609
309.863905
309.869813
309.874639
309.878609
309.881895
309.884626
309.886904
309.888809
309.890406
309.891748
309.892875
309.893824
309.894624
309.895297
309.895865
309.896344
309.896748
309.897089
309.897377
309.897621
309.897826
309.897999
309.898146
309.898270
309.898374
309.898463
309.898537
309.898600
309.898654
309.898699
309.898737
309.898769
309.898797
309.898820
309.898839
309.898856
309.898870
309.898881
309.898891
309.898900
309.898907
309.898913
309.898918
309.898922
309.898926
309.898929
309.898932
309.898934
309.898936
309.898937
309.898939
309.898940
309.898941
309.898942
309.898942
309.898943
309.898943
309.898944
309.898944
309.898944
309.898945
309.898945
309.898945
309.898945
309.898945
309.898945
309.898945
309.898945
309.898946
309.898946
