0.000000
509.090909
1018.181818
1527.272727
2036.363636
2545.454545
3054.545455
3563.636364
4072.727273
4581.818182
5090.909091
5600.000000
6109.090909
6618.181818
7127.272727
7636.363636
8145.454545
8654.545455
9163.636364
9672.727273
10181.818182
10690.909091
11200.000000
11709.090909
12218.181818
12727.272727
13236.363636
13745.454545
14254.545455
14763.636364
15272.727273
15781.818182
16290.909091
16800.000000
17309.090909
17818.181818
18327.272727
18836.363636
19345.454545
19854.545455
20363.636364
20872.727273
21381.818182
21890.909091
22400.000000
22909.090909
23418.181818
23927.272727
24436.363636
24945.454545
25454.545455
25963.636364
26472.727273
26981.818182
27490.909091
28000.000000
28509.090909
29018.181818
29527.272727
30036.363636
30545.454545
31054.545455
31563.636364
32072.727273
32581.818182
33090.909091
33600.000000
34109.090909
34618.181818
35127.272727
35636.363636
36145.454545
36654.545455
37163.636364
37672.727273
38181.818182
38690.909091
39200.000000
39709.090909
40218.181818
40727.272727
41236.363636
41745.454545
42254.545455
42763.636364
43272.727273
43781.818182
44290.909091
44800.000000
45309.090909
45818.181818
46327.272727
46836.363636
47345.454545
47854.545455
48363.636364
48872.727273
49381.818182
49890.909091
50400.000000
50400.000000
50909.090909
51418.181818
51927.272727
52436.363636
52945.454545
53454.545455
53963.636364
54472.727273
54981.818182
55490.909091
56000.000000
56509.090909
57018.181818
57527.272727
58036.363636
58545.454545
59054.545455
59563.636364
60072.727273
60581.818182
61090.909091
61600.000000
62109.090909
62618.181818
63127.272727
63636.363636
64145.454545
64654.545455
65163.636364
65672.727273
66181.818182
66690.909091
67200.000000
67709.090909
68218.181818
68727.272727
69236.363636
69745.454545
70254.545455
70763.636364
71272.727273
71781.818182
72290.909091
72800.000000
73309.090909
73818.181818
74327.272727
74836.363636
75345.454545
75854.545455
76363.636364
76872.727273
77381.818182
77890.909091
78400.000000
78909.090909
79418.181818
79927.272727
80436.363636
80945.454545
81454.545455
81963.636364
82472.727273
82981.818182
83490.909091
84000.000000
84509.090909
85018.181818
85527.272727
86036.363636
86545.454545
87054.545455
87563.636364
88072.727273
88581.818182
89090.909091
89600.000000
90109.090909
90618.181818
91127.272727
91636.363636
92145.454545
92654.545455
93163.636364
93672.727273
94181.818182
94690.909091
95200.000000
95709.090909
96218.181818
96727.272727
97236.363636
97745.454545
98254.545455
98763.636364
99272.727273
99781.818182
100290.909091
100800.000000
100800.000000
101309.090909
101818.181818
102327.272727
102836.363636
103345.454545
103854.545455
104363.636364
104872.727273
105381.818182
105890.909091
106400.000000
106909.090909
107418.181818
107927.272727
108436.363636
108945.454545
109454.545455
109963.636364
110472.727273
110981.818182
111490.909091
112000.000000
112509.090909
113018.181818
113527.272727
114036.363636
114545.454545
115054.545455
115563.636364
116072.727273
116581.818182
117090.909091
117600.000000
118109.090909
118618.181818
119127.272727
119636.363636
120145.454545
120654.545455
121163.636364
121672.727273
122181.818182
122690.909091
123200.000000
123709.090909
124218.181818
124727.272727
125236.363636
125745.454545
126254.545455
126763.636364
127272.727273
127781.818182
128290.909091
128800.000000
129309.090909
129818.181818
130327.272727
130836.363636
131345.454545
131854.545455
132363.636364
132872.727273
133381.818182
133890.909091
134400.000000
134909.090909
135418.181818
135927.272727
136436.363636
136945.454545
137454.545455
137963.636364
138472.727273
138981.818182
139490.909091
140000.000000
140509.090909
141018.181818
141527.272727
142036.363636
142545.454545
143054.545455
143563.636364
144072.727273
144581.818182
145090.909091
145600.000000
146109.090909
146618.181818
147127.272727
147636.363636
148145.454545
148654.545455
149163.636364
149672.727273
150181.818182
150690.909091
151200.000000
151200.000000
151709.090909
152218.181818
152727.272727
153236.363636
153745.454545
154254.545455
154763.636364
155272.727273
155781.818182
156290.909091
156800.000000
157309.090909
157818.181818
158327.272727
158836.363636
159345.454545
159854.545455
160363.636364
160872.727273
161381.818182
161890.909091
162400.000000
162909.090909
163418.181818
163927.272727
164436.363636
164945.454545
165454.545455
165963.636364
166472.727273
166981.818182
167490.909091
168000.000000
168509.090909
169018.181818
169527.272727
170036.363636
170545.454545
171054.545455
171563.636364
172072.727273
172581.818182
173090.909091
173600.000000
174109.090909
174618.181818
175127.272727
175636.363636
176145.454545
176654.545455
177163.636364
177672.727273
178181.818182
178690.909091
179200.000000
179709.090909
180218.181818
180727.272727
181236.363636
181745.454545
182254.545455
182763.636364
183272.727273
183781.818182
184290.909091
184800.000000
185309.090909
185818.181818
186327.272727
186836.363636
187345.454545
187854.545455
188363.636364
188872.727273
189381.818182
189890.909091
190400.000000
190909.090909
191418.181818
191927.272727
192436.363636
192945.454545
193454.545455
193963.636364
194472.727273
194981.818182
195490.909091
196000.000000
196509.090909
197018.181818
197527.272727
198036.363636
198545.454545
199054.545455
199563.636364
200072.727273
200581.818182
201090.909091
201600.000000
201600.000000
202109.090909
202618.181818
203127.272727
203636.363636
204145.454545
204654.545455
205163.636364
205672.727273
206181.818182
206690.909091
207200.000000
207709.090909
208218.181818
208727.272727
209236.363636
209745.454545
210254.545455
210763.636364
211272.727273
211781.818182
212290.909091
212800.000000
213309.090909
213818.181818
214327.272727
214836.363636
215345.454545
215854.545455
216363.636364
216872.727273
217381.818182
217890.909091
218400.000000
218909.090909
219418.181818
219927.272727
220436.363636
220945.454545
221454.545455
221963.636364
222472.727273
222981.818182
223490.909091
224000.000000
224509.090909
225018.181818
225527.272727
226036.363636
226545.454545
227054.545455
227563.636364
228072.727273
228581.818182
229090.909091
229600.000000
230109.090909
230618.181818
231127.272727
231636.363636
232145.454545
232654.545455
233163.636364
233672.727273
234181.818182
234690.909091
235200.000000
235709.090909
236218.181818
236727.272727
237236.363636
237745.454545
238254.545455
238763.636364
239272.727273
239781.818182
240290.909091
240800.000000
241309.090909
241818.181818
242327.272727
242836.363636
243345.454545
243854.545455
244363.636364
244872.727273
245381.818182
245890.909091
246400.000000
246909.090909
247418.181818
247927.272727
248436.363636
248945.454545
249454.545455
249963.636364
250472.727273
250981.818182
251490.909091
252000.000000
